174835.223493603	-38640.1139678331
179671.753393721	-38845.2196103358
184508.267409437	-39048.5438407012
189344.763030094	-39281.9314299072
194180.193430674	-39571.7408209485
199014.297976146	-39939.4203549218
203848.424917924	-40402.1275243997
208682.569325638	-40972.9841555762
213516.726587336	-41661.5662261765
218350.892378469	-42474.2929612789
223185.062634494	-43414.7886640499
228019.233526469	-44484.2185889506
232853.401439436	-45681.6001251228
237687.562953091	-47004.0905177426
242521.714824494	-48447.2523157196
247355.853972668	-50005.2976953606
252189.977464674	-51671.3127709259
257021.795609896	-53436.6050932365
261853.53893274	-55293.3612380801
266685.295759481	-57232.498615853
271517.061849791	-59244.4937657635
276348.833172805	-61319.554630891
281180.605890862	-63447.7457970786
286012.376344763	-65619.1005167123
290844.14104031	-67823.7203382901
295675.896636096	-70051.8631306831
300507.63993231	-72294.0202599159
305339.367860543	-74540.9836453926
310171.07747448	-76783.9033929142
315002.765941309	-79014.3366720616
319834.430533957	-81224.2884775307
324666.068623797	-83406.244885426
329484.509329675	-85547.4014893943
334313.875435353	-87652.042963454
339143.234133593	-89709.3383101872
343972.582104857	-91713.9044654332
348801.916151986	-93660.9115799535
353631.233192536	-95546.0826537446
358460.530251616	-97365.6892239978
363289.804455318	-99116.543517272
368119.053024589	-100795.987454344
372948.273269529	-102401.878875132
377777.462584115	-103932.575329955
382606.618441314	-105386.915763837
387435.738388494	-106764.200401424
392264.820043196	-108064.169120208
397093.861089124	-109286.978582346
401922.859272489	-110433.178378121
406751.812398541	-111503.686415743
411580.718328316	-112499.763776813
416409.574975671	-113422.989240421
421238.380304411	-114275.233663515
426067.132325671	-115058.634390707
430895.829095415	-115775.569851426
435724.468712136	-116428.634490174
440553.049314674	-117020.614160977
445336.872295349	-117549.777578234
450163.385518909	-118028.903578362
454989.849145108	-118456.225321881
459816.261018849	-118835.056100327
464642.619033324	-119168.788458394
469468.921127633	-119460.874492692
474295.165284638	-119714.807206028
479121.349528866	-119934.102961942
483947.471924555	-120122.285074082
488773.530573809	-120282.868559251
493599.523614857	-120419.346071805
498425.449220396	-120535.175031584
503251.305596045	-120633.765950881
508077.090978836	-120718.471957948
512902.803635876	-120792.579508823
517728.441862967	-120859.300273707
522554.003983388	-120921.764179037
527379.488346675	-120983.013579942
532204.893327531	-121045.998534625
537030.217324731	-121113.573146819
541855.458760116	-121188.492939242
546680.616077624	-121273.413216659
551505.687742377	-121370.88837511
556330.672239807	-121483.372108326
561080.304038575	-121611.04806545
565903.320260316	-121760.131154001
570726.254315406	-121930.944601694
575549.104538116	-122125.556819992
580371.869286356	-122345.94828471
585194.546940792	-122594.015994994
590017.135903922	-122871.578442303
594839.634599233	-123180.38103077
599662.041470425	-123522.101887637
604484.354980626	-123898.358005019
609306.573611662	-124310.711650562
614128.695863359	-124760.676990003
618950.720252871	-125249.726860138
623772.645314049	-125779.299633708
628594.469596823	-126350.806120207
633416.191666622	-126965.636444844
638237.810103815	-127625.166852449
643059.323503174	-128330.766379672
647880.730473366	-129083.803347697
652702.029636459	-129885.651622306
657523.219627464	-130737.696597507
662344.299093859	-131641.340849724
667165.266695187	-132598.00943073
671986.12110263	-133609.15474566
676701.478439161	-134652.324568222
681520.413216005	-135775.234089983
686339.237426202	-136957.108711714
691157.949653236	-138199.547165883
695976.548493869	-139504.192469693
700795.032557707	-140872.733658844
705613.400466786	-142306.906904712
710431.65085516	-143808.495999653
715249.782368526	-145379.332196358
720067.793663825	-147021.293389166
724885.683408912	-148736.302622231
729703.450282207	-150526.325939385
734521.092972349	-152393.369549229
739338.61017787	-154339.476329579
744156.000606916	-156366.721663471
748973.262976926	-158477.208622328
753790.396014376	-160673.062501896
758607.398454453	-162956.424738912
763424.269040841	-165329.446212575
768241.006525445	-167794.279962797
773057.609668142	-170353.07335089
777874.077236552	-173007.959684653
782690.408005804	-175761.049346723
787372.95069367	-178533.866888816
792187.380090108	-181485.6734611
797001.673959841	-184541.659192621
801815.831021573	-187703.745565183
806629.85000243	-190973.781021215
811443.729637719	-194353.529949584
816257.46867072	-197844.661484488
821071.065852437	-201448.738154505
825884.519941407	-205167.204444905
830697.829703465	-209001.375335349
835510.993911539	-212952.424863602
840324.01134549	-217021.374787392
845136.880791866	-221209.083397346
849949.601043804	-225516.234555537
854762.17090075	-229943.327020743
859574.589168365	-234490.6641225
864386.854658332	-239158.343867775
869198.966188178	-243946.249531447
874010.922581164	-248854.040817273
878822.722666091	-253881.145633929
883634.365277181	-259026.752589746
888445.84925391	-264289.804247032
893257.173440899	-269668.991222577
898068.33668778	-275162.747187144
902715.859548685	-280576.903715096
907525.126203208	-286288.43845073
912334.232255718	-292108.285307322
917143.176518122	-298033.832670233
921951.957807893	-304062.203259135
926760.574947885	-310190.255893986
931569.026766241	-316414.58862018
936377.312096247	-322731.543227244
941185.429776183	-329137.211225305
945993.378649269	-335627.441287993
950801.157563453	-342197.848273614
955608.765371367	-348843.823795401
960416.200930172	-355560.548403638
965223.463101477	-362343.005433007
970030.55075123	-369185.996499973
974837.46274959	-376084.158675648
979644.19797087	-383031.983379099
984450.75529337	-390023.836962379
989257.13359937	-397053.983005657
994063.33177499	-404116.606305689
998869.34871008	-411205.838548675
1003675.18329819	-418315.785668221
1008480.83443644	-425440.556776794
1013286.30102545	-432574.294756992
1017898.34350647	-439424.211673905
1022701.90690974	-446556.535322656
1027505.28546813	-453681.016792233
1032308.47805589	-460792.266929678
1037111.4835511	-467885.103105383
1041914.3008356	-474954.587882169
1046716.92879491	-481996.068654535
1051519.36631817	-489005.218267976
1056321.61229799	-495978.076334902
1061123.66563047	-502911.091273167
1065925.52521506	-509801.162724535
1070727.18995452	-516645.684312727
1075528.65875479	-523442.586464905
1080329.93052501	-530190.379127998
1085131.00417739	-536888.194147878
1089931.87862718	-543535.827067344
1094732.55279258	-550133.778078333
1099533.02559467	-556683.291889289
1104333.29595739	-563186.396152334
1109133.36280743	-569645.938225154
1113933.22507426	-576065.619851551
1118732.88168995	-582450.029458254
1123532.3315892	-588804.671719139
1128331.5737093	-595135.993942768
1132907.63730431	-601158.21493643
1137704.96188288	-607464.285516556
1142502.07793826	-613771.781801449
1147298.98438856	-620091.050520051
1152095.68015468	-626433.44934889
1156892.16416022	-632811.345227837
1161688.4353315	-639238.106340379
1418752.04229347	-830000
