85781.6856101222	-5000
94349.0775774649	-8994.97487437186
102916.469544807	-12989.9497487437
111483.86151215	-16984.9246231156
120051.253479493	-20979.8994974874
128618.645446835	-24974.8743718593
137186.037414178	-28969.8492462312
145753.429381521	-32964.824120603
154320.821348863	-36959.7989949749
162888.213316206	-40954.7738693467
171455.605283548	-44949.7487437186
180022.997250891	-48944.7236180905
188590.389218234	-52939.6984924623
197157.781185576	-56934.6733668342
205725.173152919	-60929.648241206
214292.565120261	-64924.6231155779
222859.957087604	-68919.5979899497
231427.349054947	-72914.5728643216
239994.741022289	-76909.5477386935
248562.132989632	-80904.5226130653
257129.524956974	-84899.4974874372
265696.916924317	-88894.4723618091
274264.30889166	-92889.4472361809
282831.700859002	-96884.4221105528
291399.092826345	-100879.396984925
299966.484793688	-104874.371859296
308533.87676103	-108869.346733668
317101.268728373	-112864.32160804
325668.660695715	-116859.296482412
334236.052663058	-120854.271356784
342803.444630401	-124849.246231156
351370.836597743	-128844.221105528
359938.228565086	-132839.195979899
368505.620532428	-136834.170854271
377073.012499771	-140829.145728643
385640.404467114	-144824.120603015
394207.796434456	-148819.095477387
402775.188401799	-152814.070351759
411342.580369141	-156809.045226131
419909.972336484	-160804.020100503
428477.364303827	-164798.994974874
437044.756271169	-168793.969849246
445612.148238512	-172788.944723618
454179.540205855	-176783.91959799
462746.932173197	-180778.894472362
471314.32414054	-184773.869346734
479881.716107882	-188768.844221106
488449.108075225	-192763.819095477
497016.500042568	-196758.793969849
505583.89200991	-200753.768844221
514151.283977253	-204748.743718593
522718.675944595	-208743.718592965
531286.067911938	-212738.693467337
539853.459879281	-216733.668341709
548420.851846623	-220728.64321608
556988.243813966	-224723.618090452
565555.635781308	-228718.592964824
574123.027748651	-232713.567839196
582690.419715994	-236708.542713568
591257.811683336	-240703.51758794
599825.203650679	-244698.492462312
608392.595618021	-248693.467336683
616959.987585364	-252688.442211055
625527.379552707	-256683.417085427
634094.771520049	-260678.391959799
642662.163487392	-264673.366834171
651229.555454734	-268668.341708543
659796.947422077	-272663.316582915
668364.33938942	-276658.291457286
676931.731356762	-280653.266331658
685499.123324105	-284648.24120603
694066.515291448	-288643.216080402
702633.90725879	-292638.190954774
711201.299226133	-296633.165829146
719768.691193475	-300628.140703518
728336.083160818	-304623.115577889
736903.475128161	-308618.090452261
745470.867095503	-312613.065326633
754038.259062846	-316608.040201005
762605.651030188	-320603.015075377
771173.042997531	-324597.989949749
779740.434964874	-328592.964824121
788307.826932216	-332587.939698492
796875.218899559	-336582.914572864
805442.610866902	-340577.889447236
814010.002834244	-344572.864321608
822577.394801587	-348567.83919598
831144.786768929	-352562.814070352
839712.178736272	-356557.788944724
848279.570703615	-360552.763819096
856846.962670957	-364547.738693467
865414.3546383	-368542.713567839
873981.746605642	-372537.688442211
882549.138572985	-376532.663316583
891116.530540328	-380527.638190955
899683.92250767	-384522.613065327
908251.314475013	-388517.587939698
916818.706442356	-392512.56281407
925386.098409698	-396507.537688442
933953.490377041	-400502.512562814
942520.882344383	-404497.487437186
951088.274311726	-408492.462311558
959655.666279069	-412487.43718593
968223.058246411	-416482.412060302
976790.450213754	-420477.386934673
985357.842181096	-424472.361809045
993925.234148439	-428467.336683417
1002492.62611578	-432462.311557789
1011060.01808312	-436457.286432161
1019627.41005047	-440452.261306533
1028194.80201781	-444447.236180904
1036762.19398515	-448442.211055276
1045329.58595249	-452437.185929648
1053896.97791984	-456432.16080402
1062464.36988718	-460427.135678392
1071031.76185452	-464422.110552764
1079599.15382187	-468417.085427136
1088166.54578921	-472412.060301508
1096733.93775655	-476407.035175879
1105301.32972389	-480402.010050251
1113868.72169124	-484396.984924623
1122436.11365858	-488391.959798995
1131003.50562592	-492386.934673367
1139570.89759326	-496381.909547739
1148138.28956061	-500376.884422111
1156705.68152795	-504371.859296482
1165273.07349529	-508366.834170854
1173840.46546263	-512361.809045226
1182407.85742998	-516356.783919598
1190975.24939732	-520351.75879397
1199542.64136466	-524346.733668342
1208110.033332	-528341.708542714
1216677.42529935	-532336.683417085
1225244.81726669	-536331.658291457
1233812.20923403	-540326.633165829
1242379.60120137	-544321.608040201
1250946.99316872	-548316.582914573
1259514.38513606	-552311.557788945
1268081.7771034	-556306.532663317
1276649.16907075	-560301.507537688
1285216.56103809	-564296.48241206
1293783.95300543	-568291.457286432
1302351.34497277	-572286.432160804
1310918.73694012	-576281.407035176
1319486.12890746	-580276.381909548
1328053.5208748	-584271.35678392
1336620.91284214	-588266.331658292
1345188.30480949	-592261.306532663
1353755.69677683	-596256.281407035
1362323.08874417	-600251.256281407
1370890.48071151	-604246.231155779
1379457.87267886	-608241.206030151
1388025.2646462	-612236.180904523
1396592.65661354	-616231.155778895
1405160.04858088	-620226.130653266
1413727.44054823	-624221.105527638
1422294.83251557	-628216.08040201
1430862.22448291	-632211.055276382
1439429.61645025	-636206.030150754
1447997.0084176	-640201.005025126
1456564.40038494	-644195.979899497
1465131.79235228	-648190.954773869
1473699.18431963	-652185.929648241
1482266.57628697	-656180.904522613
1490833.96825431	-660175.879396985
1499401.36022165	-664170.854271357
1507968.752189	-668165.829145729
1516536.14415634	-672160.804020101
1525103.53612368	-676155.778894472
1533670.92809102	-680150.753768844
1542238.32005837	-684145.728643216
1550805.71202571	-688140.703517588
1559373.10399305	-692135.67839196
1567940.49596039	-696130.653266332
1576507.88792774	-700125.628140704
1585075.27989508	-704120.603015075
1593642.67186242	-708115.577889447
1602210.06382976	-712110.552763819
1610777.45579711	-716105.527638191
1619344.84776445	-720100.502512563
1627912.23973179	-724095.477386935
1636479.63169913	-728090.452261306
1645047.02366648	-732085.427135678
1653614.41563382	-736080.40201005
1662181.80760116	-740075.376884422
1670749.19956851	-744070.351758794
1679316.59153585	-748065.326633166
1687883.98350319	-752060.301507538
1696451.37547053	-756055.276381909
1705018.76743788	-760050.251256281
1713586.15940522	-764045.226130653
1722153.55137256	-768040.201005025
1730720.9433399	-772035.175879397
1739288.33530725	-776030.150753769
1747855.72727459	-780025.125628141
1756423.11924193	-784020.100502513
1764990.51120927	-788015.075376884
1773557.90317662	-792010.050251256
1782125.29514396	-796005.025125628
1855692.6871113	-830000
