1 82110.2572788521 -29885.6895774419
2 81987.9084524936 -29841.15824645
3 82223.314440597 -29926.8390190877
4 81855.5041944037 -29792.9670376152
5 82327.7855163585 -29964.8633810067
6 81712.2181812848 -29740.8151938533
7 82424.3225836387 -30000
8 81557.1560715827 -29684.3772014592
9 82521.2741007172 -30035.2874663835
10 81389.3499789887 -29623.3007786264
11 82626.227921268 -30073.4875330371
12 81207.7525659433 -29557.2047256582
13 81011.2303925306 -29485.6765041627
14 82739.8444714509 -30114.8405754231
15 80798.5568111887 -29408.2696509394
16 82862.8388140704 -30159.6068551196
17 80568.4043877863 -29324.5010194767
18 82995.984973276 -30208.0680938773
19 80319.3366963842 -29233.8477934889
20 83140.1208869796 -30260.5292761545
21 80049.7991501456 -29135.7441496409
22 79758.1092992895 -29029.5777262918
23 83296.1536221653 -30317.320547333
24 79442.4466164901 -28914.6859056842
25 83465.0651366375 -30378.7993108262
26 79100.8408282418 -28790.3515669088
27 83647.9184031971 -30445.3524570917
28 78731.1598320559 -28655.7986881232
29 83845.8642016631 -30517.3988357317
30 78331.0962022926 -28510.1874350769
31 84060.1482703686 -30595.391858418
32 77898.1529205155 -28352.6089673845
33 84292.1190344878 -30679.8223117776
34 77429.6276273871 -28182.0797066849
35 84543.2364539001 -30771.2215777491
36 76922.5962122359 -27997.535363732
37 84815.0808143057 -30870.16483329
38 76373.8938164061 -27797.8240241794
39 85109.3629126158 -30977.274757552
40 75780.095742341 -27581.6992000551
41 85427.9347784277 -31093.2254341822
42 75137.49579291 -27347.8119459213
43 85772.8011820856 -31218.7465399122
44 74442.0829565023 -27094.7023729422
45 86146.1324745044 -31354.628017873
46 73689.5169126249 -26820.7907336513
47 86550.2781675272 -31501.7250204403
48 72875.1004290432 -26524.3673753319
49 86987.7815949805 -31660.9632454226
50 71993.7502359952 -26203.5821390977
51 87461.3961441014 -31833.3448438179
52 71039.9653368441 -25856.432825914
53 87974.1022015885 -32019.9545876714
54 70007.7925582783 -25480.7526578962
55 88529.1265421286 -32221.9669269212
56 68890.789566099 -25074.1968171567
57 89129.9619380012 -32440.6531267124
58 67681.9844016957 -24634.2277182866
59 89780.389648566 -32677.3894528993
60 66373.8323835496 -24158.0993217862
61 90484.5030390117 -32933.6657685703
62 64958.1685619443 -23642.8398289943
63 91246.7331150938 -33211.0948279267
64 63426.1567047837 -23085.233114445
65 92071.8768492825 -33511.4225861626
66 61768.2349822302 -22481.7989566922
67 92965.1270797681 -33836.5390818105
68 59974.0546415532 -21828.7707177801
69 93932.1053442564 -34188.4903872665
70 58032.4181822514 -21122.0728408283
71 94978.8967117127 -34569.4912865078
72 55931.2063875585 -20357.294291671
73 96112.0892168637 -34981.9396280767
74 53657.3040025387 -19529.6615078969
75 97338.8141093031 -35428.430974558
76 51196.5182820495 -18634.0087527315
77 98666.7916586101 -35911.7752742791
78 48533.4904469063 -17664.745887717
79 100104.378989452 -36435.0142718637
80 45651.5988617591 -16615.8231323412
81 101660.623215949 -37001.4408475575
82 42532.855794729 -15480.6934876181
83 103345.318144143 -37614.6196552389
84 39157.7955287262 -14252.2720119385
85 105169.066215193 -38278.4096679017
86 35505.3513928698 -12922.8910641667
87 107143.344339756 -38996.9881394054
88 31552.7291047307 -11484.2542039869
89 109280.577099521 -39774.8772476586
90 27275.254430929 -9927.38074489549
91 111594.214521891 -40616.9724022858
92 22646.2318371552 -8242.5543070161
93 114098.817329733 -41528.5732729998
94 17636.7679415146 -6419.25855937173
95 116810.147586366 -42515.4167816797
96 12215.5964447959 -4446.11349971373
97 6348.8788687842 -2310.80292919913
98 119745.267690435 -43583.7131335572
99 0 0
100 122922.649707345 -44740.1856106049
101 126362.289921371 -45992.1122650956
102 130085.833793305 -47347.3714004634
103 134116.714638395 -48814.4920459501
104 138480.300225688 -50402.7073143981
105 143204.050957302 -52122.011974799
106 148317.695918778 -53983.2265293812
107 153853.414674314 -55998.0633816654
108 159846.046341121 -58179.202933304
109 166333.303286409 -60540.3713634256
110 173356.012869731 -63096.4286156506
111 180958.36737656 -65863.4593664762
112 189188.210469291 -68858.8772849115
113 198097.339249087 -72101.5349740018
114 207741.816184539 -75611.8375035734
115 218182.33786468 -79411.8766253558
116 229484.608411143 -83525.5666838917
117 241719.757441888 -87978.7967428938
118 254964.781731276 -92799.5913363639
119 269303.037267461 -98018.2895628377
120 284824.753799798 -103667.732365326
121 301627.617465369 -109783.474590027
122 319817.374477575 -116404.004711005
123 339508.491099933 -123570.985041007
124 360824.891623072 -131329.520333127
125 383900.724681422 -139728.436697262
126 408881.21239507 -148820.590662483
127 435923.561947774 -158663.200964289
128 465197.963354202 -169318.211702189
129 496888.633523088 -180852.672347612
130 531195.022594191 -193339.176814649
131 568333.017194493 -206856.301409497
132 608536.35024414 -221489.11795786
133 652058.016898062 -237329.709165543
134 699171.919203606 -254477.767224886
135 750174.549935633 -273041.206680615
136 805386.891878957 -293136.855712113
137 865156.385069989 -314891.172150825
138 929859.187414272 -338441.066277753
139 999902.505023766 -363934.748996863
140 1075727.10466268 -391532.646290578
141 1157810.19362587 -421408.447409804
142 1246668.33597269 -453750.166296238
143 1342860.7299286 -488761.334458997
144 1446992.73849438 -526662.286011294
145 1559719.71269481 -567691.549219146
146 1681751.00486118 -612107.307216743
147 1813854.66180738 -660189.106182874
148 1956861.99787458 -712239.519793038
149 2111673.00317174 -768586.117658033
150 2279261.93820578 -829583.501602797
151 2460683.48180315 -895615.543326866
152 2657079.38423689 -967097.805944597
153 2869685.57946083 -1044480.1326267
154 3099840.09983337 -1128249.52732412
155 3348991.25780197 -1218933.13265765
156 3618707.06967262 -1317101.65988951
157 3910685.00145471 -1423372.93612079
158 4226762.45325159 -1538415.72029757
159 4568928.57241462 -1662954.0028473
160 4939336.73632507 -1797771.54903989
161 5340317.97594599 -1943716.78476108
162 5774395.8559417 -2101708.21243289
163 6244301.93951096 -2272740.03975271
164 6752993.55902607 -2457888.64767687
165 7303672.16392945 -2658319.26850894
166 7899803.08501059 -2875293.17950817
167 8545137.97005277 -3110175.86879713
168 9243738.18380754 -3364445.55225587
169 10000000 -3639702.34266202
170 82049.0828656728 -29863.423911946
171 82166.7858597245 -29906.2642982648
172 81921.7063234486 -29817.0626420326
173 82275.5499784777 -29945.8512000472
174 81783.8611878442 -29766.8911157342
175 82376.0540499986 -29982.4316905033
176 81634.6871264338 -29712.5961976562
177 82472.7983421779 -30017.6437331918
178 81473.2530252857 -29653.8389900428
179 82573.7510109926 -30054.3874997103
180 81298.551272466 -29590.2527521423
181 81109.491479237 -29521.4406149104
182 82683.0361963594 -30094.1640542301
183 80904.8936018597 -29446.973077551
184 82801.3416427607 -30137.2237152713
185 80683.4805994875 -29366.3853352081
186 82929.4118936732 -30183.8374744984
187 80443.8705420852 -29279.1744064828
188 83068.0529301278 -30234.2986850159
189 80184.5679232649 -29184.7959715649
190 79903.9542247175 -29082.6609379663
191 83218.1372545725 -30288.9249117437
192 79600.2779578898 -28972.131815988
193 83380.6093794014 -30348.0599290796
194 79271.6437223659 -28852.5187362965
195 83556.4917699173 -30412.075883959
196 78916.0003301488 -28723.075127516
197 83746.8913024301 -30481.3756464117
198 78531.1280171743 -28582.9930616
199 83953.0062360158 -30556.3953470748
200 78114.6245614041 -28431.3982012307
201 84176.1336524282 -30637.6070850978
202 77663.8902739513 -28267.3443370347
203 84417.6777441939 -30725.5219447634
204 77176.1119198115 -28089.8075352085
205 84679.1586341029 -30820.6932055196
206 76648.245014321 -27897.6796939557
207 84962.2218634607 -30923.719795421
208 76076.9947793735 -27689.7616121172
209 85268.6488455217 -31035.2500958671
210 75458.7957676255 -27464.7555729882
211 85600.3679802567 -31155.9859870472
212 74789.7893747062 -27221.2571594317
213 85959.466828295 -31286.6872788926
214 74065.7999345636 -26957.7465532968
215 86348.2053210158 -31428.1765191567
216 73282.308670834 -26672.5790544916
217 86769.0298812538 -31581.3441329314
218 72434.4253325192 -26363.9747572148
219 87224.588869541 -31747.1540446202
220 71516.8577864197 -26030.0074825058
221 87717.7491728449 -31926.6497157447
222 70523.8789475612 -25668.5927419051
223 88251.6143718585 -32120.9607572963
224 69449.2910621887 -25277.4747375265
225 88829.5442400649 -32331.3100268168
226 68286.3869838974 -24854.2122677217
227 89455.1757932836 -32559.0212898059
228 67027.9083926227 -24396.1635200364
229 90132.4463437889 -32805.5276107348
230 65666.0004727469 -23900.4695753903
231 90865.6180770528 -33072.3802982485
232 64192.162633364 -23364.0364717197
233 91659.3049821882 -33361.2587070446
234 62597.195843507 -22783.5160355686
235 92518.5019645253 -33673.9808339865
236 60871.1448118917 -22155.2848372361
237 93448.6162120123 -34012.5147345385
238 59003.2364119023 -21475.4217793042
239 94455.5010279846 -34378.9908368872
240 56981.8122849049 -20739.6835662496
241 95545.4929642882 -34775.7154572923
242 54794.2551950486 -19943.4778997839
243 96725.4516630834 -35205.1853013174
244 52426.9111422941 -19081.8351303142
245 98002.8028839566 -35670.1031244185
246 49865.0043644779 -18149.3773202242
247 99385.5853240313 -36173.3947730714
248 47092.5446543327 -17140.2845100291
249 100882.501102701 -36718.2275597106
250 44092.2273282441 -16048.2583099797
251 102502.970680046 -37308.0302513982
252 40845.3256617276 -14866.4827497783
253 104257.192179668 -37946.5146615703
254 37331.573460798 -13587.5815380526
255 106156.205277475 -38637.6989036535
256 33529.0402488003 -12203.5726340768
257 108211.960719639 -39385.932693532
258 29413.9917678298 -10705.8174744412
259 110437.395810706 -40195.9248249722
260 24960.7431340421 -9084.9675259558
261 112846.515925812 -41072.7728376428
262 20141.4998893349 -7330.90643319392
263 115454.482458049 -42021.9950273398
264 14926.1821931552 -5432.68602954273
265 9282.23765679003 -3378.45821445643
266 118277.707638401 -43049.5649576185
267 3174.4394343921 -1155.40146459956
268 121333.95869889 -44161.9493720811
269 124642.469814358 -45366.1489378503
270 128224.061857338 -46669.7418327795
271 132101.27421585 -48080.9317232068
272 136298.507432042 -49608.5996801741
273 140842.175591495 -51262.3596445986
274 145760.87343804 -53052.6192520901
275 151085.555296546 -54990.6449555233
276 156849.730507717 -57088.6331574847
277 163089.674813765 -59359.7871483648
278 169844.65807807 -61818.3999895381
279 177157.190123145 -64479.9439910634
280 185073.288922925 -67361.1683256938
281 193642.774859189 -70480.2061294566
282 202919.577716813 -73856.6862387876
283 212962.07702461 -77511.8570644646
284 223833.473137911 -81468.7216546237
285 235602.182926515 -85752.1817133927
286 248342.269586582 -90389.1940396288
287 262133.909499369 -95408.9404496008
288 277063.89553363 -100843.010964082
289 293226.185632584 -106725.603477677
290 310722.495971472 -113093.739650516
291 329662.932788754 -119987.494876006
292 350166.691361503 -127450.252687067
293 372362.808152247 -135528.978515194
294 396390.968538246 -144274.513679872
295 422402.387171422 -153741.895813386
296 450560.762650988 -163990.706333239
297 481043.298438645 -175085.442024901
298 514041.82805864 -187095.92458113
299 549764.019894342 -200097.739112073
300 588434.683719316 -214172.709683678
301 630297.183571101 -229409.413561702
302 675614.968050834 -245903.738195215
303 724673.234569619 -263759.486952751
304 777780.720907295 -283089.031196364
305 835271.638474473 -304014.013931469
306 897507.78624213 -326666.119214289
307 964880.846219019 -351187.907637308
308 1037814.80484322 -377733.697643721
309 1116768.64914427 -406470.546850191
310 1202239.26479928 -437579.306853021
311 1294764.53295065 -471255.750377617
312 1394926.73421149 -507711.810235145
313 1503356.2255946 -547176.91761522
314 1620735.35877799 -589899.428217944
315 1747802.83333428 -636148.206699809
316 1885358.32984098 -686214.312987956
317 2034267.50052316 -740412.818725535
318 2195467.47068876 -799084.809630415
319 2369972.71000446 -862599.522464832
320 2558881.43302002 -931356.674635732
321 2763382.48184886 -1005788.96928565
322 2984762.8396471 -1086364.82997541
323 3224415.67881767 -1173591.32999088
324 3483849.1637373 -1268017.39627358
325 3764696.03556366 -1370237.29800515
326 4068723.72735315 -1480894.32820918
327 4397845.51283311 -1600684.86157243
328 4754132.65436985 -1730362.7759436
329 5139827.35613553 -1870744.16690049
330 5557356.91594385 -2022712.49859698
331 6009348.89772633 -2187224.1260928
332 6498647.74926852 -2365314.34371479
333 7028332.86147776 -2558103.95809291
334 7601737.62447002 -2766806.22400856
335 8222470.52753168 -2992734.52415265
336 8894438.07693016 -3237310.7105265
337 9621869.09190377 -3502073.94745895
