40000	-3100
43994.9748743719	-3100.00043865979
47989.9497487437	-3100.00119392245
51984.9246231156	-3100.00243705913
55979.8994974874	-3100.00440664953
59974.8743718593	-3100.00742674256
63969.8492462312	-3100.01192802776
67964.824120603	-3100.01847224886
71959.7989949749	-3100.02778009084
75954.7738693467	-3100.04076277189
79949.7487437186	-3100.05855757163
83944.7236180904	-3100.08256752696
87939.6984924623	-3100.11450552688
91934.6733668342	-3100.1564430378
95929.648241206	-3100.21086369043
99924.6231155779	-3100.28072195998
103919.59798995	-3100.36950717073
107914.572864322	-3100.4813130565
111909.547738693	-3100.62091310844
115904.522613065	-3100.79384194134
119899.497487437	-3101.00648291001
123894.472361809	-3101.26616220696
127889.447236181	-3101.58124967289
131884.422110553	-3101.96126655125
135879.396984925	-3102.41700041832
139874.371859297	-3102.96062752009
143869.346733668	-3103.60584274746
147864.32160804	-3104.36799748096
151859.296482412	-3105.26424553656
155854.271356784	-3106.31369744371
159849.246231156	-3107.5375832872
163844.221105528	-3108.9594243441
167839.195979899	-3110.60521374714
171834.170854271	-3112.503606406
175829.145728643	-3114.68611841779
179824.120603015	-3117.18733619808
183819.095477387	-3120.04513556401
187814.070351759	-3123.30091100064
191809.045226131	-3126.99981534206
195804.020100503	-3131.1910100986
199798.994974874	-3135.92792666148
203793.969849246	-3141.26853861631
207788.944723618	-3147.27564539679
211783.91959799	-3154.01716751001
215778.894472362	-3161.56645356469
219773.869346734	-3170.00259933376
223768.844221106	-3179.41077908265
227763.819095477	-3189.88258939466
231758.793969849	-3201.51640572472
235753.768844221	-3214.41775191311
239748.743718593	-3228.69968289023
243743.718592965	-3244.48318080402
247738.693467337	-3261.89756480133
251733.668341709	-3281.08091469458
255728.64321608	-3302.18050874512
259723.618090452	-3325.35327579466
263718.592964824	-3350.76626197614
267713.567839196	-3378.59711223539
271708.542713568	-3409.03456689504
275703.51758794	-3442.2789734919
279698.492462312	-3478.54281411933
283693.467336683	-3518.05124850591
287688.442211055	-3561.0426730618
291683.417085427	-3607.7692961241
295678.391959799	-3658.4977296327
299673.366834171	-3713.5095974679
303668.341708543	-3773.10216068119
307663.316582915	-3837.58895985064
311658.291457286	-3907.3004747921
315653.266331658	-3982.58480185783
319648.24120603	-4063.80834905366
323643.216080402	-4151.35654920632
327638.190954774	-4245.63459141209
331633.165829146	-4347.06817099825
335628.140703518	-4456.10425822876
339623.115577889	-4573.2118859854
343618.090452261	-4698.88295665585
347613.065326633	-4833.63306846005
351608.040201005	-4978.00236144622
355603.015075377	-5132.55638338786
359597.989949749	-5297.88697581326
363592.964824121	-5474.61318039868
367587.939698492	-5663.38216595672
371582.914572864	-5864.87017625122
375577.889447236	-6079.78349887005
379572.864321608	-6308.85945538714
383567.83919598	-6552.86741304523
387562.814070352	-6812.60981819055
391557.788944724	-7088.92325169095
395552.763819096	-7382.67950656875
399547.738693467	-7694.78668807973
403542.713567839	-8026.19033646973
407537.688442211	-8377.87457263995
411532.663316583	-8750.86326695269
415527.638190955	-9146.22123140857
419522.613065327	-9565.05543542691
423517.587939698	-10008.5162454603
427512.56281407	-10477.7986886751
431507.537688442	-10974.1437409291
435502.512562814	-11498.8396392771
439497.487437186	-12053.2232192375
443492.462311558	-12638.681277049
447487.43718593	-13256.6519571505
451482.412060302	-13908.6261651148
455477.386934673	-14596.1490062681
459472.361809045	-15320.8212502252
463467.336683417	-16084.3008215743
467462.311557789	-16888.3043169398
471457.286432161	-17734.608548657
475452.261306533	-18625.0521152885
479447.236180904	-19561.5369992147
483442.211055276	-20546.0301915284
487437.185929648	-21580.5653444667
491432.16080402	-22667.2444516105
495427.135678392	-23808.2395560819
499422.110552764	-25005.7944869741
503417.085427136	-26262.2266242414
507412.060301508	-27579.9286922831
511407.035175879	-28961.3705824523
515402.010050251	-30409.1012047201
519396.984924623	-31925.7503687275
523391.959798995	-33514.0306944557
527386.934673367	-35176.7395527468
531381.909547739	-36916.7610359061
535376.884422111	-38737.0679586165
539371.859296482	-40640.7238893979
543366.834170854	-42630.8852128418
547361.809045226	-44710.803222853
551356.783919598	-46883.8262471293
555351.75879397	-49153.4018031116
559346.733668342	-51523.0787856343
563341.708542714	-53996.5096865083
567336.683417085	-56577.4528462685
571331.658291457	-59269.7747383158
575326.633165829	-62077.4522856857
579321.608040201	-65004.5752106753
583316.582914573	-68055.348417559
587311.557788945	-71234.0944086255
591306.532663317	-74545.2557337664
595301.507537688	-77993.3974738486
599296.48241206	-81583.2097581014
603291.457286432	-85319.5103157492
607286.432160804	-89207.2470621227
611281.407035176	-93251.5007194788
615276.381909548	-97457.4874727601
619271.35678392	-101830.561660527
623266.331658292	-106376.218501292
627261.306532663	-111100.09685549
631256.281407035	-116007.982023311
635251.256281407	-121105.808578634
639246.231155779	-126399.663239288
643241.206030151	-131895.787773872
647236.180904523	-137600.581945366
651231.155778895	-143520.606491767
655226.130653266	-149662.586143975
659221.105527638	-156033.412681173
663216.08040201	-162640.14802391
667211.055276382	-169490.027365145
671206.030150754	-176590.462339464
675201.005025126	-183949.04423071
679195.979899497	-191573.547218254
683190.954773869	-199471.93166214
687185.929648241	-207652.347427337
691180.904522613	-216123.137247325
695175.879396985	-224892.840127246
699170.854271357	-233970.194786865
703165.829145729	-243364.143143548
707160.804020101	-253083.83383551
711155.778894472	-263138.625785555
715150.753768844	-273538.091805538
719145.728643216	-284292.022241791
723140.703517588	-295410.42866172
727135.67839196	-306903.547581841
731130.653266332	-318781.844237451
735125.628140704	-331056.016394187
739120.603015075	-343736.998201699
743115.577889447	-356835.964089659
747110.552763819	-370364.332706358
751105.527638191	-384333.770900101
755100.502512563	-398756.197743642
759095.477386935	-413643.788601891
763090.452261306	-429008.979243119
767085.427135678	-444864.469993902
771080.40201005	-461223.229938018
775075.376884422	-478098.501159549
779070.351758794	-495503.803030407
783065.326633166	-513452.936542512
787060.301507538	-531959.988684872
791055.276381909	-551039.336865769
795050.251256281	-570705.653380308
799045.226130653	-590973.909923546
803040.201005025	-611859.382149432
807035.175879397	-633377.654275803
811030.150753769	-655544.623735645
815025.125628141	-678376.505874873
819020.100502513	-701889.838696847
823015.075376884	-726101.48765386
827010.050251256	-751028.650485831
831005.025125628	-776688.862106429
838994.974874372	-833099.999536868
