66231.0976845749	-4573.89166248407
66242.0039629461	-4576.74513536574
70084.8104538221	-5412.56787713428
70091.717523562	-5413.795584095
73938.5861519583	-5974.60875650899
73941.7283883555	-5974.97764524013
77791.989701314	-6342.17522873064
77792.4127098926	-6342.20747206331
81642.4633043114	-6581.71610002142
81646.2801985997	-6581.908743692
85500.1803468384	-6746.82806249717
85694.6402528941	-6753.96680722128
89354.1061836838	-6878.62993359835
89543.6075677978	-6884.85625768772
93208.0517697633	-7009.2844859775
93393.1477393129	-7015.96977316359
97062.0119924287	-7162.62082170567
97243.1899773879	-7170.69794943166
100915.98240796	-7355.69448516088
101093.674155613	-7365.76274638418
104769.959118488	-7599.98544463576
104944.548857854	-7612.39216204888
108623.938675207	-7902.44200653638
108795.76983891	-7917.34619780272
112477.918001422	-8266.38513349189
112647.298800264	-8283.80725377542
116331.894330919	-8692.28671670288
116499.102408247	-8712.14753092517
120185.865158185	-9178.43446237458
120351.151500415	-9200.58538068957
124039.828197911	-9721.49519363927
124203.420439377	-9745.74186808633
127893.781351809	-10316.9875437455
128055.886583084	-10343.1081217402
131747.722681266	-10959.6742237783
131908.529847804	-10987.4333496869
135601.650384647	-11643.8832888717
135761.332345425	-11673.0427128376
139455.562778373	-12363.7671003757
139614.278080729	-12394.0935755938
143309.458281048	-13113.5069876124
143467.352697406	-13144.7779997958
147163.335400062	-13887.4709510908
147320.54326385	-13919.4787171767
151017.192720303	-14680.3311189754
151173.838091746	-14712.8852086839
154871.028894459	-15487.1470693441
155027.226581594	-15520.0759377107
158724.842634851	-16303.4205623532
158880.699090799	-16336.5722293976
162578.632706301	-17125.1266873174
162734.246820379	-17158.3687597283
166432.397920104	-17948.7259202365
166587.861717477	-17981.9451167616
170286.137128745	-18771.1611060429
170441.536391037	-18804.2624213028
174139.849221347	-19589.8429265708
174295.26403867	-19622.7485461284
177993.533119708	-20402.6269890977
178149.038383011	-20435.2750503396
181847.187774836	-21207.7852707232
182002.853616154	-21240.1285489454
185700.812163919	-22003.9742800137
185856.704350998	-22035.9788661522
189554.405287665	-22790.2019486449
189710.585578513	-22821.8459741377
193407.966167959	-23565.7949416722
193564.492630119	-23597.0673960671
197261.493845798	-24330.3677743111
197418.421144465	-24361.2674529944
201114.987379455	-25083.7948460747
201272.367038018	-25114.3294576682
204968.445842859	-25826.1862477218
205126.326478973	-25856.3717038934
208821.868324152	-26557.8679632442
208980.295864051	-26587.7278674291
212675.253924399	-27279.3668768116
212834.271797804	-27308.9322224482
216528.601756439	-27991.4008022421
216688.251074142	-28020.7098858431
220381.910943866	-28694.8735802545
220542.230659795	-28723.9721297026
224235.180620082	-29390.8751349661
224396.207679457	-29419.8166485955
228088.409927496	-30080.6862456828
228250.179402474	-30109.5325336145
231941.59801676	-30765.7876720462
232104.143230823	-30794.60958707
235794.744046104	-31447.8731694265
235958.096688287	-31476.7515111212
239647.847180723	-32128.8658463031
239812.037410665	-32157.8924186319
243500.906592226	-32810.9372457012
243665.963136918	-32840.2160452637
247353.921458142	-33496.5284776683
247519.871701136	-33526.1769871562
251206.890961463	-34188.3726889781
251373.761025248	-34218.5232476416
255059.814290231	-34889.518128102
255227.62911239	-34920.3193492573
258912.690637169	-35603.3510486418
259081.474040866	-35634.9692525673
262765.519199329	-36333.6176913218
262935.29395864	-36366.238319973
266618.29917779	-37084.4445918297
266789.087078306	-37118.2735718299
270471.029777364	-37860.3564814056
270642.851672484	-37895.6215001022
274323.710206345	-38666.2910741459
274496.586069615	-38703.2427338178
278176.339676248	-39507.6100727949
278350.288650078	-39546.5228887696
282028.917401613	-40390.1057710505
282203.957842669	-40431.2789789765
285881.442599792	-41320.0026826686
286057.592121324	-41363.7608223251
289733.91449076	-42303.9536890323
289911.190002124	-42350.6469326987
293586.332296948	-43349.0302630931
293764.75004053	-43399.034458832
297438.695243082	-44462.7064002653
297618.270828834	-44516.4228021466
301291.00255604	-45652.8359631822
301471.750993805	-45710.6906243117
305143.253464715	-46927.6232303867
305325.189194517	-46990.0660354581
308995.447199889	-48295.5865216887
309178.584120332	-48363.0898417725
312847.58299412	-49765.5148628036
313031.934489036	-49838.5718164406
316699.660081634	-51346.4177400745
316885.239045115	-51425.5400507423
320551.677698223	-53047.4680887012
320738.49655815	-53133.183531813
324403.635081162	-54877.9387493148
324591.705821329	-54970.7881865085
328255.531469101	-56847.132718432
328444.865650051	-56947.6667244265
332107.366102015	-58964.3076140399
332297.974880659	-59073.082701423
335959.13822111	-61238.5948609984
336151.032369228	-61356.1693196246
339810.847068757	-63678.914195449
340004.036990447	-63805.8435642615
343856.987636577	-66430.7163650363
344097.755145054	-66600.7495814496
347709.883216485	-69238.999551817
347951.44933146	-69421.3626038112
351562.722654725	-72238.4104504736
351805.108051916	-72433.6650298444
355415.504890691	-75436.0750399979
355658.729572241	-75644.7495625507
359268.228877828	-78838.4306561712
359512.312201167	-79061.0136467759
363120.893582877	-82451.129293011
363365.854288065	-82688.0626963359
366973.497985186	-86278.9426008801
367219.354220813	-86530.6150870351
370826.041076051	-90325.6697339501
371072.810423798	-90592.4100730565
374678.521858108	-94594.0492311246
374926.221356041	-94876.1198153186
378530.939344741	-99085.676148719
378779.585509424	-99383.2667471297
382383.292559562	-103800.925681513
382632.901407056	-104114.147510117
386235.580535885	-108738.884515329
386486.167601698	-109067.764716953
390087.80231627	-113897.291156675
390339.382674324	-114241.767780583
393939.956952033	-119272.486468902
394192.545232702	-119632.404044598
397792.043502858	-124859.375616993
398045.653910138	-125234.481418048
401644.061036385	-130651.40259032
401898.707364234	-131041.343682333
405496.008627825	-136640.53840871
405751.704275733	-137044.859576516
409347.885359615	-142817.284063317
409604.643347436	-143235.426708372
413199.690321077	-149170.689148476
413457.523303174	-149601.99124879
417051.4226081	-155688.387053113
417310.342886838	-156132.084263772
420903.081322842	-162356.64745845
421163.100861458	-162811.875437724
424754.665573448	-169160.446758472
425015.79600834	-169626.244787207
428606.174473773	-176083.55687372
428868.427126244	-176558.872831345
432457.607143147	-183108.652752536
432720.993030611	-183592.349501441
436308.9627061	-190217.438677307
436573.492552809	-190708.301895625
440160.240292187	-197390.793277725
440425.924539479	-197887.540760624
444011.439035709	-204608.932919895
444278.287851815	-205110.225371557
447862.558075571	-211851.592919487
448130.581364999	-212356.046204645
451713.596555032	-219098.225706709
451982.803967552	-219604.424553241
455564.55362156	-226328.214835534
455834.95456081	-226834.727920823
459415.42842664	-233521.103362064
459687.032058367	-234026.499706132
463266.22012561	-240656.834810473
463539.035385574	-241159.701370868
467116.927877501	-247716.004565041
467390.963479051	-248214.964895208
470967.550844893	-254680.119139616
471242.815286231	-255173.852932402
474818.088193764	-261531.860360738
475094.589764916	-262019.12367035
478668.539093361	-268255.351056713
478946.285882869	-268734.996955001
482518.902716063	-274836.418383006
482797.902617411	-275307.417741557
486369.178237267	-281262.850403724
486649.438955043	-281724.312470581
490219.364835264	-287524.641034796
490500.893891094	-287975.83341505
494069.461691114	-293614.217894251
494352.266429356	-294054.58547983
497919.467988584	-299526.647030717
498203.5555818	-299955.829377628
501769.382913977	-305259.807868543
502054.760368205	-305677.654445835
505619.205656107	-310814.53106953
505905.879815919	-311221.113766479
509468.935406155	-316194.691356794
509756.912959536	-316590.313506114
513318.571357589	-321407.246597026
513607.858840623	-321792.447759385
517168.112706114	-326462.213724905
517458.716507504	-326837.769353969
521017.558649533	-331372.571301812
521309.485014947	-331739.486347931
524866.908387734	-336154.077710955
525160.163423995	-336513.57310918
528716.161122554	-340824.99311344
529010.750801678	-341178.484027436
532565.316057755	-345405.692445147
532861.246220841	-345754.757021378
536414.372398935	-349918.155786037
536711.648759914	-350264.493075048
540263.329353465	-354385.321518707
540561.957502724	-354730.69708075
544112.186130432	-358830.286655724
544412.171538294	-359176.464294075
547960.941940575	-363275.33772171
548262.289960673	-363623.995621496
551809.595996229	-367740.794516998
552112.311868754	-368093.423939035
555658.147511274	-372243.647927998
555962.236366109	-372601.432493358
559506.595701078	-376795.971886483
559812.062560827	-377159.64531289
588697.282818882	-411772.768328548
